-0.05310544051713586
-0.13856608827993477
-1.086665839374833
-1.0448142347097316
1.0415820034731569
0.3704583096940451
-0.16888100341899134
-0.4319578962672758
-0.8918507899469961
-1.060347709303256
-0.6888513823766885
-0.09905715840476828
-1.1157484464556642
-1.324447683324765
0.06137635131260884
0.8519982730087666
0.8639733786330493
-0.42538700347905234
0.544683458739097
1.2340607463216247
-1.2081561301783597
0.6508513518959527
0.8356806787294144
0.1665000687870128
-0.1854268611772428
0.29786747201418623
0.9801996622401101
0.35532456643103927
-1.3610074279270319
-1.2936468072791683
1.558604111172076
-0.6926834445889115
-0.2049223451040219
1.297129801003821
0.047993146269496495
-1.8598445975039075
0.6689316425450722
0.16818603805692367
0.3801334621598605
-0.43909451451201575
-1.1074853821321575
-0.6869473622935893
0.46996870793932316
0.3709013404798668
0.3770414063813175
0.6273167250321413
-0.9395636064828118
0.30833397001331214
0.3965895759963274
0.08953453615702799
-1.3697107032476263
0.5685063848567339
1.1932689507410597
-1.559536585861116
-0.1955886401878231
2.1931973501516357
-0.8119682155873312
-1.4364673029835382
-0.02699806913445024
-0.7520856349450338
-0.8437888617577337
1.6299968019164555
-0.2962939484247926
0.10026106430639677
0.8627550313472305
1.132473775004207
-0.1675620209356938
-0.07818679705451755
1.6043397897978102
0.37648901395099854
-1.4227771466399117
-0.19360320460992375
0.5047253948942305
-1.2431856730385031
0.17007643174766027
0.9387048011922305
-1.0485121997274518
-1.461714030439585
1.3656333978751483
0.368734024210599
-0.3688093699108421
-0.46591033124048364
0.9742954421868458
-1.0453617968361877
0.7077282290388396
0.7752501095942348
0.054207992055533664
0.8010161240092608
0.4012515860083332
-1.0675087674790853
-1.2919044184940682
1.177209433386226
1.137002622340581
-1.4385358026920363
-1.6482021484322007
2.0075197378021916
0.1430237973963757
-1.1475706239346402
1.522930907268064
1.453202406128884
0.26617919146342206
-1.4127153172294606
-0.7672865568939943
0.6077200031568187
-0.2757274938541393
-1.2917613970996282
1.4466793269928466
1.4724916489210005
-1.7807541599055996
0.505586944832149
2.467560379143261
-1.1443342825305243
-1.38393371563893
1.061635829297038
1.6564102754149643
-1.6137972201937232
0.57787616451611
0.17114396878537327
-0.8835474939288368
-1.4070260879467194
0.736187276113709
0.8731761081737034
-1.986234837117025
1.0132574126076885
1.9728943408542579
-2.0089411830197963
0.28177082614478843
0.47895628775378385
-0.4916216717833762
-0.8226038435545308
-0.7638057601516239
-0.3518772446027044
0.4070491190107559
0.5153235935936648
0.5698048111687596
-0.6115535788405497
-0.49167837692220306
1.5674124721172114
1.1387824548096221
-1.3375823036229193
0.558019958678835
1.8309411804374331
-1.1825757198891946
-0.054529574262713036
0.12899245565503456
-0.590843892341284
-1.3313005854842606
1.4811089093017946
-0.6804373862108086
-1.6366395714148525
0.6190579526364743
1.7010873459458375
-0.4870042774982321
-0.3819347680298509
1.3966587930746015
0.3678028503567371
0.3243785580242391
-0.3260734498314084
1.2071036392420833
1.024729289637131
-0.29347943460091175
-1.4124440718816775
-0.501799799306673
1.627013930424996
0.6368672113597679
-0.8657928185161677
-0.08851341378980311
0.3049390726407434
0.22580873729344436
-0.5596342829776707
-1.3859862437785064
1.5323544274084282
1.5621015202534612
-1.7916134585657644
0.11665066387193977
2.303474778248665
0.5223596500160496
-1.4657660477500227
-0.44626806400245883
1.4622825713279324
0.06227788250479484
-2.1239104705162273
-0.2792738945575336
1.316534390709213
-0.48802007947981113
-1.2746293780127014
-0.4955463289646378
0.5846661359936336
-1.2094151369641188
0.10822747806755326
0.24560988401357814
-1.1313663768401172
0.07557182222626922
0.4422097762505838
0.030648087595583032
0.09781179868781394
-0.9225878066817065
-0.8713576923253596
0.08588810966417423
0.2576122627955834
0.7152888101865847
0.7546696008208618
0.9213536534452648
-0.19285176459760808
0.7248121224271397
0.4277551712172249
-0.14239906302668667
-1.5013268969341116
1.2916902145157543
0.4920741809651787
-2.2573188014254066
0.18213055858352978
1.2075649332196667
-0.31961667943400085
-0.5249712559405966
0.7379784238561399
0.7268242140089032
-0.0521440159282635
0.08410758856494152
-0.1442938356346573
0.06802927055832492
-1.3399975349571966
0.5228256061157217
-0.15176929680706797
-0.8758992901385299
0.3789503150750852
-0.38395963345272144
0.28857088841312784
-0.5257760393748906
-1.5705013350661146
1.565698633636244
0.10770207007768205
-0.8720739105392812
0.7774950241096408
0.2270263494053995
-1.639333498466849
-0.9770234058673836
0.7501071758186133
-1.229585465981539
-0.07385117797644265
1.1748284400214832
-1.1717308464847929
-1.5659942807882863
1.3334005187069409
-0.8174420307988297
-0.40973142761319215
0.7663222522869653
-1.0696257729934768
-0.44849552062775866
0.9635382132937467
-1.1812857661875753
-1.3679706503073101
0.4861646055823483
0.7239820802229466
-0.24531255674557995
-1.6914055394001142
0.42347627245156316
0.06905898607032618
-1.9823565716514773
1.3521721737195807
-0.029513817744351623
-0.7351694113481012
0.6577202594067543
-0.9977901132447862
0.3899061442849202
0.6523638686830264
0.23951434465318977
-1.1092862554279561
0.07498251281077734
1.652643758477677
-0.11057425237219294
-0.3725156745320304
1.524207367664038
0.6171825899689004
0.2304606055887963
-0.18754279925692816
-0.13744180466441497
-0.19768714686784397
1.248902582099772
-1.1659912086283049
0.38806870964527446
0.5299391065570821
0.375856578100306
0.3461689590637831
-1.335147698443033
-0.620643500834004
1.359309179355454
1.3284227301545282
-1.1837610178308076
-0.6999114918328738
-0.17588475042999
0.7629320345210511
-1.3393324222493195
0.7249427903434197
-0.5673000273720852
-1.763148503817049
-0.6411162879453254
1.2602784838933183
-0.9025357049831984
-0.832504836160867
0.8966861484097339
-1.1517270621008922
-2.037980905914847
1.7505419807558988
0.8206452191221459
-1.0993671683522919
1.1894792345758955
1.8773595640714753
-0.5259591819138768
-1.819468527951657
1.4202703867595827
-0.03995724389541306
-2.242269436433712
-0.39467236368390063
1.8049086949653905
-0.22370802088883898
-0.3533315700807425
0.7433896052434187
-0.46678121749870405
-1.261148470668581
1.1989649749933304
0.7893284061934848
-1.6900308949115779
0.8180357262752781
0.9642668109536352
-0.3348696967032858
-1.7163144564933404
1.225107507443796
1.7538446802154584
-2.192686561917069
-1.7594248122460796
0.4108142027695229
0.9135600068566969
-0.8320464498363066
0.18782953709852374
1.6680441615201196
0.9761272007127232
-1.2360618323911123
-1.5731182694758403
0.9402861454123986
1.259726754467409
-2.2112377787752973
-0.9467489503375696
1.9199838173083756
0.26140589964686217
-1.5229231861178578
0.6166657179685354
1.9529847215018483
-0.17500710196691896
-2.2754210932424863
1.2307796933534136
2.3152915573621797
-1.6086715728711218
0.34703359777391707
0.9517178537479976
0.5513653180920823
-0.5269102618617351
-1.2515332642060313
1.3931006003573363
1.5140815065006399
-1.316751016870302
-0.5514323073156031
-0.45821385921921504
0.4249196270416787
0.7622419694239172
-0.3423758511003801
-1.5605505712293226
1.5833710478395566
1.6441890865007602
-2.3241527652218243
0.022644127486869278
1.8893192156041736
-1.6367256604767524
0.0995531324464388
1.0916096496017724
-0.732218972814894
0.33421956647335704
-0.32781572022389815
-1.0896241121831058
-0.7984650129126488
0.24022202950032148
-0.1781021112885184
0.8553876856860234
-0.8192783396044658
0.26261627472562843
1.0817090145177741
-0.3703483779813525
-0.9377310964756402
0.04234413469140648
1.6467346621656125
0.8644692103927478
-0.037982043550112726
-1.3775048194456436
-0.991744006253594
0.7545575675586826
-0.6949208065320858
0.09904669142487676
-0.483378114758481
0.8022136123407814
1.084011840449846
-0.7475864438824598
0.9117407167744067
-0.07647327678620106
0.39776468401084597
0.607190714313389
0.17252860227371214
0.3096138020211696
0.4985299067501657
-1.1681589139476816
-1.5362231824767631
-0.5612234371634363
-0.7523923146142166
1.134814315200145
0.6957555603839277
-1.8093502753710935
-0.11958924021855287
1.5613429390861864
0.7561233354626743
-0.1888590717193503
0.8793683159275608
0.6992156161197656
-0.7968074780667189
1.125014284782328
-0.10244212047767517
-0.9694036019230485
-0.3971592834722016
0.9287897588979959
0.5969135215922043
-0.14891668972778854
0.5163536575875222
0.7340261937401927
-0.8985079729315282
-0.19955525641997213
0.822000751490009
0.5246548023674056
0.7040676345799425
-0.271564362631075
0.8724083955627624
1.2024401733549448
-1.010100851010644
-1.172937756160535
-0.4223102221848332
0.6131319055540364
-0.4347166544974329
-1.334919595888068
-0.5972446906204112
-0.5665196485693312
-1.2635190261648024
-0.5860838942654104
-0.3791490465653643
0.3129914667151515
0.5401311471638752
-1.0606877701705963
-0.2458602762766847
1.0864508172782679
0.14888935061937733
-0.8463207264492438
-0.7611294984343211
0.36121545814130196
-0.7476903927044993
-0.040459187875292464
0.3525758903708946
0.4637462550626287
0.9199933326552003
0.8397004762271754
0.8395286593729904
-1.0235744100860056
-0.40809147839636684
0.33696974694233384
0.8439818984554192
0.9754542339981631
-0.3761116320087379
-1.263592373104868
1.5459912732694803
1.1127405689304743
-0.4208330420728832
0.48802633657668515
1.08529401987469
0.5169757075477563
-0.40980299263659475
-1.1083824181486244
-0.7740376485323855
0.5261850603395226
0.08355601909261973
0.5113653429958167
0.88305594393009
0.16718488645041812
0.8123977628649396
0.0571585550723877
-0.05603023660747843
1.2930623441715217
-0.37319255494867626
-1.0157495259767064
1.3901314424947613
-0.2957294709517871
-0.9383343521764032
0.7129953122332626
-1.0214281203459883
-0.43069002835911924
1.631559237058962
1.2855285436921178
