-0.08048094169635635
-0.841741881050406
1.4765958622141464
-1.4044809563545673
0.4532488837918255
-0.27367243957349796
1.7112741430504192
-0.3027291520779057
1.8940432814240529
0.9848413773905454
2.2827540974360203
-0.6440775349567618
0.9450585622851895
0.3218370285529552
0.9647639810966688
-1.3378153526536969
0.7978177385971711
-1.337099246283542
0.5664738305000423
-1.9547772362506999
0.3671610483467214
-2.003916159421983
-0.8128152358106262
-0.4002559959978392
-1.0520450930616103
0.03663722243991423
-0.04445118464317551
-1.0605397664401377
-0.9918448318923208
-0.6797266969329121
-0.641226890093654
0.306203940637008
1.215828360162772
-0.1801491873888726
0.9501716060101836
-0.565143009776844
-0.2757741758967181
-1.9226656378689357
-0.07951047207209738
-1.8355857503962185
-0.7579406224356386
-1.9724745031773048
0.15215824707621112
-1.9692892846555308
1.2317977872648669
-0.3883844290755452
0.48973859907514256
0.610767624064349
-0.8103389308985338
-0.9915180317631674
-1.562973842163282
-0.2666638829885768
-2.058563693591055
-0.10671534357103755
0.06685413502263453
0.003982565621019911
-0.6359077616063097
-0.869252115946342
-1.2634311125507127
-0.9024647862547146
-1.5906616572885215
1.242250282369349
-1.9708804428892093
1.3580909205478844
0.5301733782233036
1.656461530135573
0.9416621693495331
0.8420815808312714
-0.8547287529351631
1.445351782822537
0.448559450573885
0.1984924251053933
-0.9094264177906975
-0.35971542390915445
0.015211211154148953
0.7209250814049911
-0.2657790434028439
0.1371810215198994
0.49876112765363523
-1.5331950984163398
1.1704066469993961
-1.7581111857298006
1.9200991463946233
-1.0672827444799768
1.8026872715111097
0.4030200943820992
1.6861382603025399
1.4212218748571221
-0.8689457988579312
1.1804367964991465
-1.8522014081607872
0.9411174835436357
-1.1871986433052781
1.589527332358724
-1.2079792467552302
0.8202488739692639
-1.0026840719911927
-0.6334367048720067
-0.05995689802572375
1.0636977887503882
-1.0798384304577486
1.7703403955746815
0.14459627221857163
0.6719182449154163
-0.3038663949392782
0.4196994056891752
0.9927035654125972
-0.9313211599777568
0.6676555531413855
-1.395493521287906
1.170923998421159
-1.7605607819693787
0.1413497589822545
-0.25128889069267724
-0.19520242729694526
-0.7584621198480419
-1.0369877058030341
-0.916467704794215
-0.4586638867603942
-0.731134318229488
-0.3667375148791314
-0.327822991612602
-1.0132698032730805
0.6174491400103435
0.7100094276695008
0.28563502757165565
-0.4083183295760617
-1.5123705906703644
-1.5645698197358038
0.7633481982946259
-1.0459005110498825
-0.05721444073983538
-1.8410806747886068
-1.2910358416600682
-2.2512617430491604
-1.7785931975933968
-1.5201894218484342
-1.1555406392399619
-0.4812293989726132
0.753242023937989
0.996541529049822
1.0644597775836109
0.15403158060308184
1.57912067523568
-1.376400361457304
2.0453666885387385
-1.4408479427617789
-0.13819658946118724
0.15205139966977607
0.0018093919551035306
1.2434399676784762
1.0899439046835129
1.350903086025656
1.7162947700049649
0.5883196971329199
-0.75279660904289
-0.9651175512040678
-1.154826270055518
0.45719119801134084
-0.40577241019480353
-1.081370080216863
-0.6742752629216944
0.8038440547920712
-1.2591120994391471
-1.0197556560750443
0.23555707138656518
-0.4976078676922295
0.4952135033013555
-0.584279790101112
-0.13672840660460187
-1.1066275949373088
-0.9783233487271905
-0.501713322288477
-1.3987918539264588
0.7267813598599845
0.48199236172692056
-0.38134220018486786
1.6052819488129435
0.2243664985486558
0.743092165426041
-1.6278585841116306
1.2961079684342593
0.1415492247862873
1.975042813143125
0.4377797032821147
1.2130571239483068
0.9076764453447738
-0.0029316562312098767
1.5413681717418983
-0.21593228055466918
1.1385952721635304
0.07209959212581844
-0.877212023193852
1.257749858635107
-0.09507126093619372
-0.5197244742296008
-0.9981771501119532
-1.4816893128930797
0.5578051536567598
-1.6026438854333083
0.21123186386676648
-0.8353510845296079
-1.3249230396617504
-0.12253833737543032
0.4700448113431158
-0.6298002461912486
1.55558295410193
-0.6076311917596029
1.4369508356533427
0.4418105107012129
0.953088171189009
0.027951382790287378
-0.23734603416322264
0.8758342750011034
-0.6481305455651925
-0.08928481198159609
-0.1841633863627003
1.0251040262634508
1.0368083057473647
1.0667076998972511
0.4387342287662635
1.0824322539260531
0.7837822214086932
-0.055920654118090087
1.5830715173654082
-0.18049458858055403
0.6772863873515437
-0.9618685270227989
0.5619594537631436
-0.3634743494398418
1.053033257978517
1.011503638268371
-0.688727556059808
-0.8299395263931317
1.028916642508023
-0.3041371985026339
1.4985849148921715
-0.8057632145816666
-0.020450141733432473
0.05652097956412449
-1.4864308708429064
1.2133888955734649
-1.6676006104117502
0.31513923895732593
-0.10083986829533358
1.477485709492112
-1.3587202518957486
0.2176120450387637
0.3996874191935562
-0.8385338502311575
1.5632185498999105
0.013760824582526459
0.518980442478356
0.013388028278024528
-0.382793580463356
-0.9817960124103412
0.8783568858287618
-0.34878828801859985
1.1479882562978658
0.1370791269184644
1.803543182193863
0.9224474482296677
-0.24761991625320678
-0.6277656869566896
-0.6202416387634677
0.02366086389215742
-1.4215489072264016
-1.0859553105602942
-1.9053341069932315
-1.6685186895119188
-0.21570642785261696
-0.4393247373456457
0.8374418856003225
-1.4219429529567225
0.3157464262604728
-0.5412594181875039
-0.047262860902761474
1.1377777632455381
0.09777752549890079
-0.3256622996088427
1.3459647193940016
1.2575518292984904
1.8738461766611443
-0.026906763957489657
-0.8361122832121137
0.217655012134947
0.321212085775356
-0.349251246629859
-1.3498286065599554
-0.20234582981633695
0.040044949195019434
1.4720559619726525
0.007499820537995927
1.8059405398113382
0.11965980595601235
-0.5716966332318045
0.9730465582241995
-1.3650009407501353
1.2028600247453722
-0.9883047732886916
-0.19158723271008687
-0.7504820578262842
-0.8088208624954252
0.9205752402869317
-0.5861925110460771
-0.18579875463828413
1.103801093902476
-0.8311679812908385
1.5520523422713128
0.5500154838015652
-0.5339841776010478
1.5658534446387657
0.8980031018860406
0.7538745964121686
-0.13278996338235086
0.6500036438540889
-1.1319943403350734
1.2934487978261964
0.3985065586411956
-0.23912957401041696
0.2081075567269559
1.2485466997096224
1.179098677444359
-1.145767684542829
-0.630963306133467
-1.775037125813266
-1.5215562423652447
-1.1819410335156673
-1.7526772094645755
1.1412801128576306
-0.5203063422961511
1.7024784097530152
-1.7769374650473406
0.4674093418797919
0.2805022371182799
1.132999281786558
-1.2250780779432013
1.4978852174447717
-2.015733030731033
-0.6384087156399846
-2.3935792608706397
1.1356572787890942
-1.041008250909601
1.173576603618972
-1.6211997451361548
-0.8667025247531532
-0.11550864855205346
-0.11832553142293295
0.003327604645355658
0.9565384389996288
0.3328481501748055
-0.7210099318265357
-1.3488019501040511
-1.0665486020242374
0.8743076773001642
-1.2001221915146265
-0.7991643802254228
-1.893899042386746
0.5897074905306295
-1.1882459395362197
1.0476766629830205
-0.07866389301262931
1.3488717502112568
0.9504297894063976
1.781922538374406
0.9045411749753944
-0.5210955303161129
1.3769272612730632
-0.5549373151257769
0.0705756973324
0.21384569413957574
0.07121251931049354
0.7413306120441978
1.3982909501300318
-0.5232590206031199
-0.35078558103634894
0.0973156795464923
-1.1666397173332916
1.2632088059081177
-0.5245313612838506
1.07365753741319
0.9384360006262438
1.629640325800314
0.09326878722830426
0.9883549493832046
1.2800732493402427
-1.085427230582554
0.09767660297144673
-1.779529557007712
-0.3845300262756807
0.1107948525905112
-0.1767630496043908
0.5166581879772291
0.28563286427709655
0.6785614328884586
0.028357144177517876
-0.481495801322901
0.37132090020634834
-0.051995080105027694
0.8047498215533251
-0.6343132786437261
0.7075015796967232
0.7203684529083888
-0.14733320300679115
0.21889420069785379
-1.53585342446533
-0.8659641828987747
-0.11188088349232368
0.3961707741981661
1.2405298050933478
0.2304652345675006
0.3751655973265183
1.1355774402463124
-1.462328960370492
0.03493448736216341
-1.0694407401318977
0.6303721029401363
-1.9808372991922436
-0.349293080606918
0.1813338361713571
0.11107963264111731
-0.44793034236934437
-0.7913868535848879
0.5706732903752311
0.238520252064596
0.3182104887387589
-0.6789469793492583
1.1810605228217355
-0.3150841759028422
1.373927656636931
-0.7788026148853421
0.9130048619673328
-2.0032128425906306
1.5208710023559333
-0.790925138380545
0.4977440768245538
-1.1544596628406585
-0.4962879475535301
0.20586076284139052
-1.074365943748755
1.2654262556786091
1.0087429410336062
0.14400079834120666
0.3604331187505471
1.305060852703159
1.367354169843689
1.8311241162027918
0.663836722441825
0.16766017690465485
0.10083218822400535
-0.3401978273370252
-0.3849380089012925
1.0648620956957573
-0.7955077905539004
-0.09977937536843332
-0.5020004143339659
-0.9771891740911273
-1.1622704083575657
0.2561525429221148
1.0233773301570206
0.013272369276257369
-0.13914201460394685
-1.1531103625207173
0.6724195334939541
-1.8471719341885284
-0.44366920506687624
-0.9044602901524068
0.9598133021887439
-0.649919918364795
0.7519210708256858
0.21547733141138115
1.8543004944977801
1.428120922665882
0.5514131848713618
0.5464997080443351
-0.5600388235715293
1.069150469994779
1.214578685282927
1.8759682695676116
-0.35603837463944
-0.26385913141255185
-1.7836456331078632
0.049021763294414586
-0.7205261828906487
0.6228701630470982
-1.283437797205057
-0.9653194426287942
0.15091603736812845
0.4335084177456719
0.9207907161960439
-0.7539957188276132
0.46890918765746953
-0.009890258140696351
0.8707554766598844
0.8639716806911053
1.0362940721256924
0.5382527434794052
1.562192655590938
0.04400616458903629
1.0035748516408052
0.16934883303787857
