-0.032778690404963444
-0.7894217764323634
-1.034782912153697
1.3969799316428768
1.5377953646653129
-1.7997416876155967
-1.1264266789349389
0.22346375740180896
-1.25470749851491
-0.529090513893754
0.033370140335852165
1.2335079893710976
1.1952501144196324
0.931819630247657
1.2032627261470945
1.2182868096221027
0.7040793019314103
0.6889632915768492
0.40703169637446784
0.00862636238155549
-0.5120545130721238
0.5568093454458124
-0.47369719813310485
-1.3528992468420828
0.5936888531638361
0.32336540741209696
-1.5349042276794271
-0.02059154405852504
1.5710396786668748
0.24256399934910994
0.633750694160712
-1.1074141106999598
-1.532459723189871
-0.00010755335963958266
-0.49479263258049494
-0.757566185239338
-1.3556655236271813
-0.9205944681003411
-0.0955070519584253
-0.4177759773894244
-1.718466741870061
-0.7053368013277875
0.7304831768409655
-1.5759577442762627
-0.2600418404866314
0.517087134203408
-0.4497163333443635
0.29241804242771924
0.6286077625278389
-0.5249351328938954
0.2800561921300973
0.6415002863289682
0.3574569686904691
-0.1411256014008111
-1.1103066604702032
-0.5773160528776645
1.0629786799361185
-1.0825823948594422
-1.1485226183159978
2.1353410393457
0.05723537082092728
-1.9651731913059816
1.056743838855619
0.8731021211999954
-2.1576261482032684
0.1819757034739092
-0.22057486679293437
-1.0334890555254403
0.9991058926601324
1.245480713684887
-0.04320692094136603
1.0266494019807881
-0.8433729512445446
-0.5387555162991492
-0.9905971937987125
1.0914203337494983
0.0741915902099384
-0.909448054922284
-1.0458455413453298
0.014284010652135219
-0.9750602062494511
0.5837675078457728
-1.0762575011105993
-0.19794383429840465
-0.8524687517531733
0.005875870334284895
1.146814638093428
0.9219320804429944
-0.5401753019955682
0.5513629163233166
1.1771944270990837
0.22216051537557596
-0.18324247894946813
-0.5745400211640159
-0.2780794419300802
1.653457518274707
1.12578816009806
-1.1018927327721384
-1.114245716187389
-0.5480595616762405
-0.9528029506778282
-0.029872472003851933
1.5409954691982242
1.062320743275365
-0.9197054136903475
-0.24691405253087015
0.29426434850020966
-0.1652277630765736
0.43064515362684935
-1.0406958981593848
-1.5731709947981585
0.9482683077287072
-1.0605956347770384
-1.4857501301656495
1.8372286785683327
0.17449170375515513
-2.120423323292555
0.37467762841135793
0.6458892004023509
-1.9353169029216701
-1.044980300713352
1.9701129050341812
-0.3235468710861804
-2.126154152978962
0.07250118454214793
2.0906748904753165
-0.557732785382468
0.2137716394632855
0.4412190957699515
0.29045956359954134
1.3240655812689752
-0.2770092820703811
-0.09740568399944037
0.1518091505054021
-1.4239281061022435
-0.21575665892129786
1.8223672174392516
0.08527462163490838
-0.33388575251491115
0.4706439089418465
1.1239123499387134
-1.7433047941119595
-0.4903889582938629
0.5351685627317714
1.0453848482271317
0.7149702439792345
0.3014606995499199
-1.5882429406819987
0.6676400964179232
-0.3563153196224559
-1.3732130264623974
0.4307725035505293
1.5332117347849807
0.6523282248153516
-0.4140037302370023
-0.8367754447509456
-0.25766332160709055
1.6564505536717955
0.43000140724408653
-0.29274310041557844
1.2904329262694485
-1.3257798421398221
-1.072664698381184
-0.4023524660919328
0.8137712831018057
-0.9598473999195856
-0.10194039740296686
1.62631751736423
-0.991216783278615
-0.40426171718515697
0.9341044259064364
0.8372324602924106
-0.20964715574713216
0.9714836089708943
1.7223425376422241
-1.654197855214559
-1.2353059338754788
0.13766252348866953
-0.7513457303885793
0.616225176017627
-0.10467412310023612
-0.8082193561592655
-0.6991301109465166
-0.7934879753118115
-1.2007997565179984
0.44466392558825607
-1.268134857511419
0.6681144572109085
0.940975193742149
-1.2336666351229881
-0.3850062636963548
1.0995621569267446
0.3252840404432916
-0.05890821734459283
-0.2758991832968657
-0.28189393178126015
0.3362431008091981
-0.9273688583555335
0.5362693226903612
1.712730103566699
-1.393874841485627
0.48242817165923646
1.5358303162838869
-1.531978017877027
-1.3979428215127405
0.9593406110002701
-0.9117609536662368
-0.7159116061835464
0.17691152454663953
0.7908408245728802
0.37986585806167295
0.5249334798453668
-1.152438460669741
-0.7678077603033433
-0.9959802180918672
0.37207512687378186
-0.579076527054221
-0.22984398018361454
-0.031080511166206394
-1.4027197122543182
-1.379034462863966
-0.8010713642869468
-1.1872120927551584
0.3571257093066126
-0.201035650631204
0.3066025520719551
0.19908294751981792
0.511950859954294
-0.42692541903564135
1.1223407451622143
0.6957155359397907
-1.7178165099486207
1.3747359791959055
2.1842573489323422
-0.03144094698758735
-1.4749249881808193
0.8243343963884022
1.9250058988858432
-1.6915167455270532
-0.7722685375324848
0.6722362525585328
0.07258362578423691
-1.2803777766140105
0.4240880614264713
0.03857094809683495
1.0706382773290257
1.5341589869913808
-0.7554303534763094
0.35212083289946605
0.929639025627353
-1.7269315910184393
1.0734467148824702
2.3544939472343502
0.5277963302303647
0.18373092010033262
0.4032741249159518
0.916632731763541
1.202445143421723
0.8831166373260343
-1.292030574855588
-0.2184340720360114
0.26739668256004023
-0.12342742668738325
0.7542408024247182
0.28954883408521737
0.03579993074312402
-0.42280711062054205
0.06353723331597187
0.6462158719230466
-1.162825614209393
1.0730938715668927
-0.7350893446249984
-1.303483539133839
-0.8514712149950748
0.3962916010042855
-0.27577990571623023
0.758466101645318
-0.566455576909728
0.8035624087998868
0.10152083251246499
-1.0578457875906901
-0.7173373107019726
0.27278829009724453
-0.3824580186644635
-0.9339822812135303
-0.8382003651241317
1.5012577942403815
0.09218964066003059
-0.2273569155612508
0.9582609085531043
1.137369144510055
-0.2859238111148573
1.257342770067815
0.07486407318077538
0.9228546954412838
1.7237739923809912
-1.2707536352859228
0.3817532226738813
-0.6211503506501792
-1.1936891356084636
0.1275862573168217
-0.8192613582587445
0.7256755433702332
-0.5576573985533706
0.9694617657956123
-0.9025247140247468
-1.4145638527840358
-0.1402363713640711
1.5293918329262752
-1.5879871702849135
-2.1675764253544254
0.2011622191193574
1.2120135370650649
0.9140540816889301
0.4451951015781309
0.5632852858232344
0.39970006005879516
0.369665902176833
0.6270029234790979
-0.7144863138984633
-1.6854590969262924
-0.13084662334803507
0.8136171833453225
-0.01799601735225734
0.8831884636544701
1.07558290595403
-0.6150125359868777
1.1127002786602196
1.9539411088729588
0.3091698631820363
-1.581409511653047
0.8567784000113031
0.9760368915396893
-2.1693205582714423
0.6752065661186308
1.4517134297908638
0.4418975756472002
-1.6106429160319415
-1.0543993045074358
0.9553650934949339
0.7418972559763497
0.8611853173538092
-1.2640210870842914
1.0802102980041315
1.5224310025013783
-1.9436293691561288
-1.3044523235899987
1.112571414763649
-1.299069952664279
-0.1614060113507799
0.03789717651866415
0.07097887222273609
-0.09220077511960788
0.9880122537465985
0.2936579411261836
-0.9064473532444219
1.1679183076641175
-1.1127513137354446
0.05890984719959327
1.2788048197088384
0.39057016031726705
-1.5590168133919422
-1.055631677158767
1.460581084927783
-0.17124440195918958
-1.6038004231440428
-0.21311827930867958
-0.18234031842779436
1.0469435407295455
0.2742012177801655
-0.3206578502114755
0.23992465148310244
-0.8797305469258649
-0.7690998711730894
1.5465572035492146
-0.5299267174292269
-0.4299372897251062
0.5337763094026178
1.3062811425322045
-1.6123560920425537
0.1839234559319198
0.7865686352761999
-1.5256195435204225
0.3605454806760208
1.1288610929307263
0.47153242062763934
-1.2653848546342839
-1.22916954641001
0.7428507231877811
-1.0238356116030456
-1.2225051020561517
-0.8113143352483029
0.23081472131574368
1.0343755798314298
1.2130551213702037
-1.0983376106025406
-1.1461972027455913
0.3964150601688792
0.03036648948982347
-0.1882501354307304
1.167832259645937
0.6926503766269025
-0.16795475503009988
0.7710541195434267
-0.5551435146290461
-0.6533450518365953
0.32664849509753074
0.8251512692264983
0.48905434917615587
1.0906135130316237
-0.5238495509044774
-0.40226373485202394
1.6841814859077122
-0.7903924892140559
-0.5510735267326152
2.0788281239003026
0.6968432032795172
-1.7771590956671126
0.45330199918149894
0.356329581447982
0.8302696452132659
-0.5524093741386277
-1.758526005319644
0.47621691064186433
0.6201764608157101
0.10176669572661567
-0.08135427222207893
0.3415565480450648
1.3068908009046583
1.2636131343910482
-1.4662730930758487
1.2143645393726685
1.3231400235948905
-1.1883811811165081
1.1460026603321032
2.046942371438465
0.2649611197220911
0.6340810805209401
0.5307119296276847
-1.5170966539236677
1.058252753295415
2.036389757319337
-2.2669422701151505
-0.6313668077438394
2.024665786702173
-0.8329655105253747
0.5491291241835036
0.6148654618151339
1.0795960737147576
-0.9763747103567557
-1.358498137276807
1.4816975541203063
0.8089381270135649
-2.1478421572700372
1.0672515304873913
0.43168955013860416
-0.8653947894073382
0.04137992753870863
-0.9746836743574023
0.06425967313669848
-0.854401468036529
-0.4180559461286984
1.3781669498477662
-0.8185243352784543
-1.7576911831811108
-0.24488821603574712
1.443292652690574
-0.7521095867457861
-2.144979261485032
1.15720797673879
0.466172808577836
-2.392599052924989
-0.9817867248046621
0.3540404900677912
1.0797533186435715
-0.17024382647239114
0.5085775980647491
-0.5131340293492742
0.1619074053760567
1.1701583538252607
-0.3300170050613701
-1.102499095909177
-0.12216139847178831
0.29024583923931035
0.8966636733962491
-0.11850678722386598
-1.7783635127728443
0.8819122576920279
0.6322310118086485
0.43508803082928077
0.6610071034397779
-0.8824836007031279
-0.7427585172129822
1.6534733181368708
-0.14726879379928112
-1.5419447077046318
0.05357644685700399
2.0631168406890894
0.8482707936210554
-0.6249786500373057
0.7758652440581589
