-0.027592059793587743
0.9359409246375647
-0.4174259409962644
1.0877009753430544
-1.7165260342495898
-0.5527118157298255
-1.8559564801325459
0.5605653977750074
-0.5955137263561722
-0.1879036967025172
-0.7993114997639054
1.2220830422404418
-0.3452147810901765
-0.34837148958900116
-0.3967197759234045
-1.1981025442994933
-0.669663498742764
-1.6849834824351704
-0.8648030733304247
0.24422013253565164
1.513952414274074
-0.6244529429776277
-0.5084009059989701
-2.005943449866843
0.813152009363658
0.6509052116518396
1.1620792300267253
-1.128807807563076
-0.8576772566939225
-1.557832498320875
-0.9996202842364006
0.025429889699380828
-1.2043953707533148
-1.061785208040728
-1.3912328949022383
-0.24544525019643118
1.257621372553036
-0.9721166107914792
-0.5232387464001844
-0.5941049848160658
-0.1410377756359984
0.09455515918892883
0.16766931755147102
-0.07450044915680112
1.0722145836086534
-0.6355869326023385
1.434525945593057
-1.8610864596340697
1.188206385039613
-1.0784286107099716
0.2531894382821805
-1.4910162546625993
1.0332620166580142
-0.8559871834840111
2.2796140669473495
-1.0106489649838146
1.3323598221157915
-1.0371887290771302
1.0420019184337341
-1.8984059378885756
-0.09677178488366235
0.34490393057250124
0.6288960579322591
0.4994126822242551
-1.077163786888636
-0.13814927933157495
-1.5740749588829657
-0.9479272860370654
-0.2635249238772764
0.9082576197431591
-1.1439299225406625
-0.77982514306096
-0.5685751382677617
0.14164210527749044
-0.3998755057388416
-0.7060158560287163
1.07451482645617
1.0309889927497293
1.9051494279491725
-0.42247074526829154
-0.31208366568077295
-1.3513278204518344
-0.1793139822493356
-0.3029465876091232
1.661918714087815
-1.294667611982596
1.2021749248407239
-1.655384128211482
1.5233316732072149
-0.08922168009236932
0.6226430263243489
-1.1918007881774824
-1.2552604938861869
-1.9865415469095338
-0.22478590316326355
0.10273848327901465
0.07897838447201741
1.3131882362241616
0.7179657775998202
1.4999659715635945
0.6274060940030194
0.4548876442572287
-1.7597740709727607
-1.1101295336490689
0.29122682900194524
1.5920083983624471
0.291140095522712
0.7539673930475619
-1.3533818800982433
0.19833973847710948
-1.034114602260408
0.2208398859378637
-0.7076698118324315
1.0059043330409259
-1.1400318637462807
1.009073292700205
-1.4529321440897767
0.06608340276414718
-1.1849751128199555
-0.6461723786579894
-1.2383544559303876
1.482179540159314
0.8346359980872161
2.360403464010721
-1.6087657761420617
0.9903929887154859
-0.5900296454861779
1.5226064833266177
-1.3580430662181056
0.35217174538315676
0.2689416546211134
-0.24233112547250882
0.745171840437123
-0.4328705639815849
1.7351003889901
-0.34344150529038137
0.271236022330008
-0.5475509518870246
1.244756049899547
-0.26862895145006543
1.2893558090525736
0.5035957813293148
1.4949109513344114
-0.21943480070264892
-0.7649443446054102
-1.3843961672380645
-0.7497371978012083
-0.07466004268490371
1.6850507203853164
1.650189455251494
-0.32022629261240376
-0.35150491378997567
0.5192540321377864
-0.2669499388704046
0.6950528797086954
0.43986025710443577
-1.1047655058585977
0.04568078970382058
-0.635655380454231
0.39684445048046213
0.07171750223708634
1.8024599866539988
-0.8026265450260072
1.723668404248375
-1.5165800389570563
1.6439652101430235
-1.9277464189314233
-0.11266129591607348
-1.2565873631390774
1.6076208941507186
0.17172933218717087
0.15511786175391787
-1.443636722659172
0.7891635569685248
-1.1217358183107091
2.1710979361178593
-0.8516843602279786
0.2600726992239159
-0.7923800045283054
-0.6943614854157848
-0.011816861612078736
-0.3510118731880991
-0.4849258928628239
0.44186316692869354
0.4201280769628549
-1.101251581626345
0.3055932310597721
0.5069415828208313
0.4127634200730604
0.8673065461378161
1.376939976823784
0.3721354865128443
-1.328976226328698
0.36299518514689316
0.2639561139080003
0.8697775473109844
0.5158540063327226
1.3138584988578828
0.8988943303526172
0.874121541276299
-0.12489552322420537
0.004668195286259762
-0.6689840999490592
-0.7427085585099064
-1.4438670358334154
0.2810482828256814
0.4947371227966794
0.18672287899090576
0.070857464298659
-1.3537982800128396
0.05120956375712556
-1.608191013506416
1.9179470228177573
-0.3981159026089168
1.3534930253225195
-0.6445639215029512
-0.5201504270319782
-0.26262375006445426
-1.3811982505805211
1.4170649001678175
-1.0915805196259947
2.2610828761969497
0.3206034262804566
2.094954426838416
0.13686237324619224
0.8450405486811071
0.38347301136533546
0.5925162187705107
-1.1781300921144693
-1.342578524364426
-1.9220213357377032
-0.8787783101420746
0.9399635104404706
1.1036608130766015
0.250558274587604
0.5275574784228753
-1.0721355164477848
-0.6206548929589988
-0.9041604470555722
-1.2255905094614894
-0.531960431351884
0.8874649992269998
1.4899881333829104
1.7630134111140308
-0.842591461632914
-0.1038545485100097
0.025156684631878038
1.2275304612626838
0.3495530589971503
-0.32112591852155964
0.19837138724827108
0.9674354257733196
0.7088688075725085
-0.38721714896187676
-0.7082688043766574
0.2892958309322275
1.213652222209509
0.9856584623237991
1.669418704474483
-0.13878152516121112
-0.4974276857863141
-0.8085199694735115
-0.014834057018804369
-0.7160068789532721
-0.10263994136339426
1.087066530045116
0.3473361763042347
-1.0901771852845155
-0.9021959278018244
-0.8138036149316148
-0.5027300853538945
0.2570824642399584
-0.5608166890948298
1.1310585585722004
0.2572531963577049
-0.6085324856019572
-0.6033180399101873
1.0345176938379879
-0.690263887139793
-0.4795511368984987
-0.5910230240212905
-1.4000206547811025
0.6824886751136643
-0.5960880503897278
0.5170329202628174
0.10275304218953958
0.8066890176996354
-0.2518856186796314
0.8566580671619284
0.49051357295703035
-0.5849204563376813
0.8207496258099231
-1.4543378728873826
0.6364386714831225
-0.5346497337757077
0.13302037264440783
1.0333392980968437
1.4044640815419673
0.274464918310667
1.4210189195142822
0.1862563116784272
0.8658856047805655
0.2645884804820143
0.9218747644843708
-1.7884616823381925
-0.44524998863139487
-1.8704948502728713
1.3216228336517963
-0.2108242293316056
1.98963168038856
0.7212129034327901
1.722902372106662
-0.6907935669590527
-0.40218566097102487
-0.6953040613613143
1.0638089843717626
-1.0419131267954957
-0.5512443902521751
0.06568331654994405
-0.35872368544439054
0.8664003368849043
-0.7328618563922292
-0.1807784897606865
-1.790682648504573
1.2718034222696912
0.04660317238220175
0.9806520446974094
-0.7826723158360888
-0.9805654465904904
0.6094478936449713
0.5919957418567675
0.29983229899277297
1.1370539953814807
0.21785667494065783
0.8584343129337874
0.8739261593183518
0.5134523054465547
-0.29168219509844295
0.2705523206027765
0.9639244061211484
-0.1485020868447979
1.579365352794164
-1.6606250035561914
1.618291742345781
-2.0040710193389617
1.0934649033365345
-0.771315913909725
1.6789486201126034
0.4441764230951957
0.8991428925380831
-0.7123591448079057
0.24582038378661186
0.467687887386432
0.2764948689466209
1.3843180086998035
0.5061848185314455
-0.03251446498702437
-1.8242411469642672
-1.102632801846766
-1.079005910009861
1.4515980769292214
-0.7220838829696732
-0.10356429132966216
-0.651631384248643
0.4192502289651337
0.4280399865135744
-0.5378591040668125
1.0617917785290054
-0.355324578536661
-0.2719019611023289
0.8433384433798841
-0.6872735958729523
-1.0729285345347457
-1.2844854861957495
1.3941779953463909
-1.253460295128553
2.1572031103350944
-0.512556058855745
1.0190743932136297
0.1619049251083501
-0.7804449401115997
0.6680950719325541
0.9619154494412606
0.9668828580789183
-1.498532625373271
-0.7297883408091834
0.16506128927552732
0.6318704950679531
-0.5014565847398595
-0.16257421024930138
-1.0526322754421789
-0.6509845403396712
-0.9465855666703508
1.080675169343465
1.3981643042627145
0.9287072135649319
-0.7745981899303817
-1.0122862122925789
0.538933821657202
0.4387152510126491
0.915673149372399
0.7613702708300522
-0.30987403347903303
-1.2206915046995157
0.5876262589382695
-0.7927810988006186
0.8622618857261201
-1.1950587678413396
-0.09895522582363363
-1.738743902517843
-0.250936725325794
-0.5212665064280211
1.8094082953666337
0.21234921674931
0.023170219692425664
-1.6522757636030647
1.3096429597924861
0.9672235800286788
0.5123011344728108
-0.011577093799269035
-1.0674666326217739
-0.4051686848820954
0.496697248000661
0.6432768936586268
-0.033117958637376765
0.13200312409753392
-0.8595048538490283
-1.0188391485947057
-0.04718397948515851
-1.4797620799942646
1.4472703594421001
-0.2648857201984175
1.720837244650308
-0.3387312732680955
-0.3969972339414037
-2.3201688964016
0.822993387554189
-1.7316063430145434
1.872554219808131
-0.7525892313558822
1.0553598363778587
-0.809132188059211
0.2608841241418313
-0.3968832358287056
0.1585582168936129
-1.6625916947830945
1.095066141926159
-0.22921136478540885
-0.4553771065802577
-2.0139350145634505
0.9241208034857833
-1.9109726571833685
1.902330506422097
-0.4903644281383808
1.784533074314666
-0.3800338805072949
1.7122612664366303
0.27642112990709994
1.0581088952911688
0.4133619870258359
0.4166345721001374
0.390641202326512
1.2697236191194823
-0.6698721944604015
-0.20244727758609615
-1.426618762066355
0.37625198967334117
-0.4767573512515112
1.7730768907588532
-0.8208228215662136
0.8019106284260031
-1.9505969112777772
0.19235738532760938
0.03506323276993703
-0.6972787309785595
0.35647022920816757
0.18789053020817242
1.3315629768632415
-0.1704109630447985
-0.5611188438475373
-0.33754839571869627
-1.5539398158529298
1.0266507155802005
-0.4407939997089222
1.749791839239445
0.4774384661040501
-0.7096745981339274
-1.1625844043694262
-1.894899525652917
-0.8352291715518836
0.20060852451374292
-0.20943917034542459
1.1994897967072642
1.291295133887245
0.6166034738823009
1.069386455531734
-0.4732295324152873
1.4408475951595416
-1.9337309725117877
-0.4115277537850608
-1.8443962094222697
