0.001468832200667918
-0.3994743226301287
0.8344053900730932
0.70960871984031
1.1282461156194767
-0.05051688451436502
-0.3705221999461852
0.3122205819489101
0.703831889085627
-1.0209938782749048
0.7950071153581614
-1.97679848911304
-0.07475364802370836
-2.0971926302812816
0.6829033075294519
-1.131036556694147
0.094292872144652
-1.238038862651704
1.6338088907821173
-0.0726063787603626
-0.13161683664319604
-0.9443795709732458
-0.730872918944531
0.1363786030840901
0.9812391701371703
-0.7083386163800438
0.2415444134782859
-0.6670108026880948
0.7541855965179398
-0.9721549544942338
0.27061651198284653
-1.4677317923704694
0.9749892951136395
-0.4812620102195699
-0.26757886501422923
-0.10325128453022302
0.8372356277502213
-1.037597947571128
0.5054178813662694
-1.9713562487822434
0.662596074591029
0.12305154898757249
0.08093721182991223
-1.139910920793174
-0.10791033516218583
-0.664923010751921
-0.6840065987576257
-0.9222327678189959
0.1607343321805171
-0.23996893062115418
1.4939984803272106
-1.0250400927570011
1.059903538385877
-1.0757066160527087
1.7496753156520768
-1.2803995169331492
1.4739230334264584
-0.6031410740185728
1.7852229607283618
-0.9725626951914519
2.345871230242815
0.1508201874716179
2.741577905352997
-0.042113549455675345
2.03494561935184
-1.1275890699653979
0.5114093863726209
-0.8215239698636991
1.4822882122524315
0.7405017568027019
1.8473112807821739
0.4311073459189877
-0.5872430568927337
0.23811152756351897
-0.5494844387305976
0.7830656963195566
0.875464089897588
-0.4637066625329258
1.1614452981664598
-0.33719557583255216
2.0442629395405922
-1.2469942283131483
-0.1659167888449652
0.1026938524335021
0.4945029353240405
-0.19172184642885245
1.4682895126987288
0.9607726011408523
-0.33728225952549384
1.2619559271310197
-0.9587995118340737
-0.20558662183951978
-1.7981493704046483
0.08944702749315402
0.4744947228116437
1.7185144340723624
0.745159297290318
0.3107904031946723
0.9172485360555102
1.2114701428926378
1.5721551357786292
0.5820974317053237
0.11119336207297402
0.7427675122576707
0.6395832175355872
1.1038294444915018
0.5881972837459108
-0.632004535368049
0.946206769734913
0.23466022083284802
1.2908272032384052
0.8556756930496896
1.153435001031176
-1.0164443270290777
0.8354460438955174
-0.325774953416589
-0.4452348367477837
-0.05562161587105821
0.3821201721616704
0.5455806089604465
-0.41564346495558385
0.21821685797664137
-1.1339496799559945
-1.0366220483439816
-1.5697988707381172
-1.2582394784470787
-0.8139361046215027
0.670224853244096
1.2459378251659803
0.19119068400158376
1.6154111082647253
-0.7919308854543498
-0.1280602484517598
-1.8707834314295726
-0.6558130161175244
-0.9153888282501286
1.452918860539849
-1.1773399245083545
1.1069738044488415
-0.17241892772566877
1.1044240527016258
0.5731012267225304
-0.35309142021613305
0.3194430056015683
-0.5455136403410719
0.25283139523646025
0.3824324030698709
1.1599024990764655
0.3275833567784655
-0.22556077571899183
-0.8616009192053108
-0.931119925393247
-0.5297650902293117
-0.6371760625806671
-1.2481305845497583
0.011961128535428564
-0.6583064913547475
1.6192457217262817
-0.6960215777881156
-0.06824931749083925
-1.3632644868101829
-0.03198326553709699
-0.9410011329665056
-0.7923441986612855
-0.8931197323693333
0.3730566847196863
0.6069485858103577
0.5566352524095063
-0.9218071185570907
-0.2440590382805414
-0.525559791365108
1.272399083981543
-0.9396306067810538
-0.28884600585011355
-1.115285888231446
1.2011759363090084
0.84924115865494
1.464492955122839
0.32428243469660034
0.45861526391446855
-1.2506610455868628
-1.143230213589847
-1.2092911707924365
-1.0752776536176036
0.13547769906510412
0.6934299870052577
-0.7393730419008864
1.5096516920296574
0.22071395387036666
1.4291493012321117
0.7146531214146551
1.556053299259556
-0.5946576348677584
0.5472393088976534
-1.3914896337103384
-0.8342096077570522
-1.562286640293148
1.211395244584265
-0.28680147231727915
1.42197069938407
0.7350032972097278
0.43505159633055585
0.47024887743166155
-0.5967458994919563
-0.70190783819618
-0.15503019513961552
0.947305230210248
-0.23394146915019268
-0.7235591649586847
-0.8780580537786798
-1.6190075927956717
0.3371052008125275
-0.24278578692069738
1.3793595254755657
-0.9817043852759689
1.2322798367312382
-0.3933743606652252
1.2829965104440262
-0.3166668977835915
1.2279791929917931
-1.4142763271396652
0.589144188391666
-1.6513599970562645
-0.5459590337359479
-0.3399470237096173
0.8599795037506807
0.43250911763535016
0.8484018356508717
1.015862764443839
-0.29409363360108
0.8745194368510871
-0.7080938658093743
1.6889764137620729
0.5693237768361958
0.5579267770038756
-1.5271830737420773
0.38387021970195173
-1.9692696040782334
0.0660825708622145
-0.826980721789192
0.7579184174354826
-0.39295081776515517
-0.02227299507474777
-1.4042664313361966
0.9935616207754415
-1.5933051244475094
1.2904154004416424
-0.7037602441268476
-0.18414966553656156
-1.983335095770897
-0.06543388999415736
0.0010736583153917853
1.6569141086918875
-0.07968880942953635
2.1537867314936263
-0.12303960857995543
-0.168760801563816
-0.392535175945964
0.12897688919674782
-0.38641721524144435
1.4640231027014958
-1.1460920541653772
1.2408725901027768
-0.8321188820823973
1.7552673365273384
-1.5887404329535275
1.6728847166033365
-1.1376629881200868
2.4877728208549232
-0.8213126715703167
2.0691184579191377
-1.2603784859696505
2.3059799646179955
-0.5001253778056728
1.220552830210745
-0.5769223910615081
0.8245148165714555
-0.42878742532526476
1.1563992009623292
0.7142875996066532
1.3713877940221635
-0.7865632967774727
1.5447931865615474
-0.1883960195642814
2.3505958403794156
-1.7782293585921294
0.12676877061816327
-2.8897481218588603
0.40873936424439256
-2.5024530886502854
0.04866520974462212
-1.9424550397830138
1.284764788591414
-0.294192426067863
2.1655666971119576
0.019288929601647648
-0.0013352252650226841
-0.8551621000446312
0.5449096139706708
0.1996544478691745
0.8384989153404124
0.44235160225263764
-0.8285240033093513
-0.3802293602524327
0.10149980595150604
-0.11348989963995672
0.8414390212323702
-0.13972369060110534
0.3378680014946556
0.8610419852651322
-0.7367385416578047
-0.03224966082784075
0.3105278070975489
-0.3945511421453055
1.1666816170115573
0.5713457432454413
0.03710141828785554
0.034658869176126456
-0.8985185716244912
-0.4811541901970472
-1.6566564970237514
-0.4335185539823263
-0.13810393300948548
1.1100978368127186
-1.1356714634631904
-0.5426786203578153
-0.07006048747964884
-0.09461355960600698
0.7349756370424751
-1.245443263331121
0.783763525886707
-2.0785875317578095
-0.02656169300127818
-1.057272284422338
1.5985657678486107
-0.41916180676927733
1.4829543729692454
-0.7406123746637814
0.46650786060362454
-0.45146994772326854
0.10106542933808171
-0.13766637685615507
0.720466138965445
-1.115199375098392
-0.12647015538604597
-0.9780070367593169
0.10217433075378858
-0.6629149425360478
-0.006151002186452206
-0.6712525081659303
-0.6659490587714709
-1.650291431197035
-0.16324357932716899
-1.4592135466157423
1.5820459984347826
0.5633194438372314
0.5782178052691606
-0.5558319195899094
0.6517789321762154
-0.8522867634055444
-0.19340078340642178
-0.5487170036359361
0.9025776151517033
-0.7989843270140982
1.8862704447887164
-1.3629834221937316
0.7469391160598394
-0.9798938356589981
1.5528975908436822
-1.8555285199226446
0.1194795977536961
-1.21160132281204
0.6975804432258028
-1.673204671198448
0.8480515577954512
-2.3789320020333884
0.7992165539005966
-0.34680260862346357
0.16986612537238496
0.4244160018816555
-1.0404567974367733
0.8227342048798454
-0.44165098591867114
-0.4925642819972621
0.8714274574374073
-0.6096752529670895
-0.18383932619490326
0.31951818282069183
-1.124177933185331
0.14372041803590815
-0.6931133925000253
-0.8907539457698548
0.7011713800296344
0.5798966149927746
0.48053719379505344
-1.2291589992639973
0.3187049034483173
0.15538074484360778
1.2685241468558481
-0.5935736511646614
-0.5270682951696948
0.43989660537891767
-0.2529275383824844
0.6390896639942407
0.8647084543532784
1.1099991036116443
-0.11789238009817579
0.7158842191865916
0.14330861789460972
1.4726793748709914
-1.0617478764819994
-0.17234929186681913
-0.6868485756429558
1.4844387173981046
0.19035319264483466
-0.13622601483216135
-1.2917568616221147
0.18544744535581206
-1.3157963343657217
-0.04914062181656794
-0.8812834334105348
0.09406141174658944
-0.2907197450582828
-0.9048338531946398
0.2893168991291492
-1.5977483182421326
-0.6748189481560237
-0.42528345724651767
0.2808290250752912
0.7547717152693271
0.09603769141035717
0.4522632467648448
0.6010380710376982
1.1444492531647819
0.07243444566760968
-0.9132837730057854
0.413773944115534
-0.5733430390835079
-0.5284454061558569
0.4047753123463235
0.33931766355509807
1.3524198442732553
1.3304944050992884
0.16350919694900085
0.2533937881480654
-1.5771766185662124
-0.7281536957144118
-1.8062805238628823
1.3141617265379297
-0.9131611590718312
0.14495696870727567
-1.071273831441693
1.3543210951576325
-1.8837627714607759
0.20386317628096282
-1.9099505536578745
1.2401996119575736
-0.5049436173655668
0.6727101519412232
-1.1426814420654514
-0.7674166430221543
-1.6733175082696885
-1.0105438211997806
0.5631362411172578
0.9360206881910527
-0.4188775996704777
-0.7171530993130515
-1.213823647587447
-0.0015063165452786937
-1.7247238938596017
-0.21877011889014156
-1.1722200338752276
1.7287983152199988
-1.5771350065754024
1.3601766621053721
-0.44711471537179664
1.5827200394268472
-0.047744896480748936
2.1735619072388483
-0.7137200201957299
0.47285038181100186
-0.7152681437288456
-0.14426557934164425
-1.2715003718940563
0.57989035960228
-0.8829525060240323
1.5798104192930882
-1.290720682838773
1.6756314258998992
-1.3811357021293669
0.4610800598492485
-1.3127275325898333
1.2125454703749243
-0.5488574344800679
2.1611761987755678
-1.7887279575748616
0.3210755091696644
-0.21130978204847975
0.7007268479294774
-0.8474621714841153
0.5929625257776617
